10000
53
65
73
103
139
229
429
479
557
574
664
701
782
798
972
981
1066
1082
1185
1257
1273
1280
1426
1520
1521
1526
1534
1537
1547
1580
1602
1616
1634
1668
1697
1802
1809
1910
1985
2267
2302
2415
2419
2535
2556
2581
2668
2722
2838
2843
2941
2942
2954
2961
3004
3044
3075
3204
3231
3401
3457
3564
3752
3767
3788
3847
3866
3905
3911
3957
3996
4009
4012
4070
4117
4125
4184
4398
4473
4476
4511
4551
4562
4764
4785
4829
4862
4906
4947
4948
4960
4976
5081
5092
5334
5347
5370
5371
5395
5420
5447
5477
5538
5585
5609
5650
5676
5684
5708
5718
5736
5793
5804
5909
5916
5945
5957
5984
6030
6034
6077
6098
6102
6193
6212
6237
6393
6427
6486
6537
6582
6654
6692
6696
6715
6753
6780
6840
6923
7015
7029
7071
7199
7269
7300
7405
7407
7517
7541
7563
7570
7615
7690
7718
7797
7935
7979
8012
8108
8186
8333
8357
8367
8379
8401
8457
8530
8580
8599
8618
8639
8676
8703
8706
8749
8797
8813
8842
8869
8921
8981
8982
9029
9045
9053
9070
9123
9176
9332
9368
9463
9478
9503
9535
9793
9822
9832
9889
9924
10027
10119
10151
10174
10338
10404
10446
10513
10514
10528
10590
10615
10618
10621
10679
10809
10834
10916
10920
11082
11130
11197
11211
11306
11403
11517
11542
11552
11638
11738
11822
11851
11897
12048
12059
12327
12328
12338
12345
12422
12436
12684
12742
12803
12841
12856
12976
12980
12989
13018
13043
13052
13071
13180
13225
13298
13324
13332
13335
13345
13400
13421
13434
13461
13499
13664
13773
13885
13904
13981
14082
14101
14107
14123
14129
14169
14242
14245
14252
14313
14426
14429
14512
14516
14570
14593
14596
14654
14666
14738
14794
14800
14817
15023
15095
15121
15126
15134
15206
15208
15210
15301
15309
15317
15493
15528
15585
15618
15674
15760
15776
15819
15879
15887
16024
16051
16059
16096
16116
16245
16304
16305
16320
16427
16456
16481
16488
16587
16603
16609
16646
16748
16786
16834
16866
17074
17085
17121
17146
17153
17240
17325
17447
17464
17466
17523
17606
17646
17664
17678
17709
17733
17796
17806
17856
17863
17875
17898
17919
17922
18151
18167
18218
18281
18288
18291
18303
18440
18519
18598
18673
18677
18752
18897
18986
19002
19004
19027
19080
19115
19143
19259
19262
19284
19361
19444
19529
19540
19583
19597
19619
19785
19886
19924
19992
20030
20081
20204
20250
20266
20267
20433
20459
20486
20492
20493
20495
20581
20583
20595
20638
20825
20861
20983
20988
21276
21295
21329
21353
21360
21442
21448
21500
21504
21528
21533
21581
21703
21794
21810
21904
22001
22090
22128
22206
22322
22338
22374
22493
22552
22589
22654
22686
22808
22811
22905
23002
23145
23175
23222
23293
23313
23332
23421
23457
23463
23485
23555
23560
23701
23731
23765
23774
23881
23948
23961
24014
24117
24194
24225
24238
24264
24302
24305
24339
24377
24392
24422
24435
24503
24549
24594
24614
24638
24752
24817
24882
24932
24967
25066
25096
25176
25186
25248
25331
25439
25472
25501
25518
25567
25579
25704
25787
25816
25830
25882
25950
25951
25956
26024
26034
26037
26161
26241
26336
26375
26391
26403
26406
26510
26539
26547
26562
26580
26615
26620
26622
26723
26726
26745
26774
26796
26928
26948
27001
27007
27064
27182
27279
27290
27351
27389
27410
27441
27538
27546
27630
27652
27686
27717
27770
27814
27817
27847
27956
27962
27990
28086
28108
28256
28321
28337
28367
28401
28425
28437
28487
28531
28560
28620
28772
28774
28785
28818
28832
28874
28912
28948
28972
29031
29137
29248
29344
29346
29372
29413
29432
29434
29489
29751
29757
29833
29860
29874
29947
29980
29988
30028
30152
30175
30233
30234
30379
30443
30559
30664
30677
30680
30823
31052
31081
31128
31187
31188
31202
31210
31224
31416
31513
31522
31544
31675
31687
31688
31710
31739
31756
31770
31806
31932
31989
31998
32027
32064
32147
32251
32252
32296
32300
32443
32484
32509
32552
32568
32588
32670
32679
32704
32716
32719
32730
32803
32815
32844
32870
32890
32961
32964
32989
32997
33057
33078
33120
33141
33166
33167
33181
33191
33201
33262
33289
33307
33323
33349
33359
33448
33467
33477
33531
33546
33556
33601
33674
33686
33724
33758
33810
33895
33954
33980
34168
34314
34331
34357
34370
34436
34489
34550
34553
34575
34599
34631
34685
34783
34806
34807
34824
34986
35011
35033
35181
35242
35244
35273
35395
35405
35612
35614
35636
35656
35685
35773
35786
35851
35939
35967
35996
35999
36089
36163
36187
36262
36271
36280
36343
36534
36559
36625
36646
36649
36678
36728
36770
36804
36808
36815
36873
36891
36981
37066
37093
37109
37205
37247
37328
37563
37589
37676
37682
37802
37877
37878
37962
37999
38106
38160
38200
38241
38253
38256
38301
38308
38353
38354
38393
38435
38477
38482
38491
38583
38593
38633
38709
38765
38803
38924
38926
38954
38967
38978
38981
39033
39089
39098
39236
39246
39269
39285
39291
39473
39486
39488
39576
39583
39658
39672
39679
39731
39774
39834
39874
39888
39897
39927
39934
40019
40030
40097
40223
40235
40246
40285
40316
40333
40345
40380
40414
40431
40437
40464
40471
40499
40585
40769
40773
40777
40794
40839
40842
40931
40936
40938
40985
41110
41123
41179
41213
41247
41257
41343
41409
41483
41508
41519
41585
41620
41630
41719
41741
41785
41789
41837
41840
41849
41861
41878
41881
41935
41940
42153
42220
42243
42279
42329
42385
42435
42474
42551
42650
42652
42764
42786
42897
42940
42956
42973
42983
43060
43076
43175
43330
43398
43484
43533
43572
43579
43596
43619
43649
43702
43790
43806
43845
43910
43921
43976
44040
44055
44063
44084
44130
44140
44168
44175
44200
44201
44252
44317
44380
44389
44391
44435
44485
44508
44568
44616
44687
44771
44790
44808
44862
44871
44950
45007
45021
45036
45072
45147
45241
45303
45329
45346
45362
45368
45421
45425
45469
45471
45567
45615
45626
45640
45652
45662
45683
45732
45759
45770
45784
45831
45884
45910
45943
45944
45952
45963
45972
45992
46054
46086
46129
46159
46181
46228
46234
46273
46322
46353
46383
46392
46398
46477
46526
46580
46595
46609
46634
46648
46733
46740
46768
46820
46849
46863
46874
46933
46944
46980
47016
47024
47036
47052
47074
47090
47182
47210
47212
47272
47292
47372
47497
47503
47507
47510
47710
47711
47731
47753
47786
47797
47981
48130
48139
48171
48176
48351
48353
48542
48578
48735
48838
48887
48951
48985
49084
49115
49297
49327
49463
49474
49482
49490
49499
49535
49717
49728
49792
49800
49838
49877
49924
49937
49940
50026
50091
50148
50202
50208
50380
50449
50544
50575
50657
50721
50746
50759
50778
50797
50801
50858
50911
50919
50961
51033
51113
51134
51262
51279
51303
51339
51398
51500
51544
51653
51718
51741
51841
51876
51880
51968
51990
51996
52018
52072
52101
52184
52214
52346
52549
52557
52586
52637
52662
52752
52782
52803
52806
52876
52891
53058
53092
53115
53139
53162
53164
53259
53335
53368
53409
53473
53478
53485
53624
53637
53639
53790
53855
53868
53909
53957
54251
54339
54411
54518
54561
54579
54611
54723
54730
54743
54764
54839
54909
54926
55003
55023
55035
55067
55082
55127
55178
55199
55304
55322
55558
55598
55697
55862
55899
55965
55971
55993
56052
56119
56120
56230
56235
56313
56622
56632
56645
56665
56828
56830
56845
56853
56877
56886
57090
57132
57139
57155
57201
57213
57253
57325
57368
57389
57393
57500
57516
57601
57605
57640
57651
57717
57856
57861
57878
57912
57927
57941
57955
57974
58088
58141
58185
58237
58432
58599
58629
58654
58700
58730
58769
58846
58880
58904
58959
59036
59051
59092
59142
59176
59447
59469
59579
59592
59726
59772
59787
59790
59803
59838
60133
60161
60179
60264
60375
60378
60391
60488
60600
60669
60705
60722
60738
60805
60821
60822
60853
60902
60965
61019
61107
61112
61129
61134
61191
61261
61290
61427
61435
61438
61541
61595
61598
61623
61638
61754
61761
61818
61838
61930
61955
61961
62010
62094
62109
62217
62261
62269
62331
62464
62526
62654
62748
62882
62887
62891
62897
63076
63090
63108
63135
63205
63272
63409
63573
63654
63678
63688
63703
63727
63792
63826
63961
63987
64050
64071
64093
64104
64106
64113
64296
64468
64513
64554
64557
64695
64720
64732
64849
64859
64981
65068
65184
65188
65256
65296
65298
65300
65336
65341
65372
65376
65400
65460
65482
65571
65789
65824
65840
65930
65956
66038
66043
66078
66121
66179
66210
66226
66229
66241
66355
66420
66463
66467
66477
66511
66524
66570
66601
66623
66639
66743
66866
66894
66959
67074
67279
67298
67361
67365
67368
67449
67535
67543
67623
67640
67677
67847
67925
67942
68078
68081
68160
68290
68409
68414
68475
68478
68517
68536
68565
68663
68740
68809
68814
68865
68947
68956
68957
68966
69016
69107
69108
69118
69152
69221
69324
69361
69374
69386
69395
69398
69412
69433
69559
69776
69781
69792
69827
69860
69864
69916
70008
70063
70324
70330
70361
70379
70413
70419
70623
70645
70654
70708
70734
70819
70827
70829
70832
70848
70881
71023
71029
71048
71063
71086
71153
71191
71267
71364
71428
71480
71492
71627
71764
71789
71859
71893
71909
72038
72058
72072
72097
72101
72118
72255
72392
72458
72472
72483
72550
72580
72660
72662
72669
72695
72772
72816
72894
72925
72950
72983
73071
73102
73110
73131
73156
73160
73161
73162
73189
73199
73219
73242
73244
73301
73309
73313
73326
73361
73381
73422
73640
73648
73715
73791
73817
73832
73842
73862
73925
74011
74033
74306
74373
74376
74384
74395
74402
74408
74547
74552
74564
74577
74598
74665
74702
74737
74764
74903
75001
75078
75154
75170
75218
75225
75287
75334
75354
75386
75389
75405
75434
75439
75534
75625
75675
75703
75768
75870
75907
75922
75966
76029
76058
76060
76087
76116
76134
76153
76199
76211
76455
76686
76694
76720
76785
76843
76935
77016
77047
77067
77070
77121
77138
77178
77192
77241
77282
77600
77683
77862
77894
77935
77939
78161
78196
78200
78245
78413
78441
78459
78484
78488
78525
78614
78694
78698
78708
78709
78714
78747
78803
78813
78888
78945
78962
78986
79032
79191
79428
79658
79665
79683
79691
79787
79885
79921
79965
80006
80071
80073
80112
80188
80218
80286
80344
80545
80577
80581
80874
80931
80937
80956
80975
80987
81062
81237
81254
81269
81283
81318
81342
81360
81431
81510
81552
81574
81667
81719
81805
81843
81861
81956
82129
82131
82139
82196
82374
82398
82425
82497
82577
82578
82621
82626
82663
82675
82700
82706
82793
82855
82940
83023
83093
83113
83118
83147
83216
83382
83388
83468
83483
83517
83527
83537
83543
83567
83631
83683
83684
83702
83707
83776
83935
83996
84021
84023
84043
84070
84138
84154
84212
84238
84254
84413
84453
84522
84555
84569
84701
84893
84964
85006
85069
85126
85174
85187
85308
85385
85432
85487
85503
85582
85706
85806
85850
85921
85974
85983
85991
85992
86036
86064
86078
86083
86142
86144
86166
86175
86216
86248
86315
86350
86408
86414
86451
86465
86523
86544
86584
86811
86815
86942
86954
86970
87013
87049
87115
87117
87313
87511
87639
87668
87708
87712
87716
87718
87729
87910
87947
87991
88003
88103
88127
88145
88314
88321
88360
88458
88468
88525
88558
88565
88600
88612
88647
88673
88692
88784
88797
88907
88943
88965
89004
89232
89240
89253
89255
89288
89312
89351
89397
89409
89413
89424
89440
89485
89487
89796
89856
89896
89949
89982
90029
90066
90104
90110
90124
90133
90162
90168
90174
90180
90328
90346
90376
90385
90399
90460
90463
90488
90532
90598
90704
90910
90913
90954
91303
91334
91373
91442
91477
91486
91515
91543
91635
91701
91746
91771
91783
91815
91817
91828
91850
91880
91929
92026
92144
92157
92199
92219
92280
92314
92335
92344
92347
92384
92433
92524
92542
92577
92619
92709
92743
92875
92898
92933
92989
93003
93252
93290
93382
93416
93514
93526
93606
93640
93645
93646
93660
93673
93719
93731
93776
93780
93811
93820
93835
93890
93932
94001
94068
94074
94100
94107
94109
94166
94182
94229
94272
94333
94400
94451
94477
94607
94749
94791
94804
94892
94918
94995
95041
95097
95426
95448
95506
95540
95616
95676
95769
95819
95889
96053
96076
96145
96354
96534
96710
96921
96989
96996
97169
97295
97380
97404
97439
97449
97473
97506
97524
97557
97657
97703
97722
97742
97858
97862
97952
97956
98048
98087
98174
98202
98218
98236
98268
98312
98322
98327
98355
98380
98408
98421
98565
98630
98754
98783
98837
98911
98926
98942
99014
99100
99105
99126
99197
99211
99229
99243
99252
99287
99387
99466
99533
99575
99605
99618
99624
99729
99750
99821
99861
99917
100076
100142
100239
100365
100493
100498
100514
100525
100550
100714
100762
100809
100854
100949
101053
101071
101079
101156
101230
101329
101362
101363
101378
101395
101418
101424
101449
101484
101578
101592
101633
101647
101700
101717
101720
101762
101769
101848
101860
101907
101942
101961
101995
102039
102065
102152
102244
102318
102320
102337
102375
102537
102582
102686
102687
102712
102777
102783
102838
102887
103128
103199
103264
103314
103317
103341
103350
103387
103424
103440
103465
103467
103505
103513
103519
103536
103547
103572
103583
103584
103598
103665
103691
103702
103743
103744
103881
103903
103946
103956
103962
104032
104104
104148
104162
104181
104222
104230
104245
104291
104352
104436
104654
104694
104710
104779
104806
104853
104899
105048
105102
105124
105150
105364
105404
105478
105562
105564
105577
105626
105629
105659
105708
105755
105853
105872
105950
105951
106047
106190
106201
106217
106236
106316
106318
106516
106582
106602
106671
106695
106710
106960
107032
107035
107147
107214
107216
107264
107319
107391
107468
107473
107557
107597
107680
107836
107872
107940
107975
108007
108009
108018
108038
108086
108124
108126
108185
108195
108244
108261
108278
108431
108502
108521
108592
108676
108696
108718
108789
108907
108912
109021
109106
109187
109239
109248
109292
109319
109345
109426
109431
109543
109575
109748
109749
109779
109938
110043
110075
110315
110369
110398
110401
110403
110435
110437
110474
110496
110530
110590
110611
110650
110724
110785
110811
110876
110924
110929
110933
110935
111019
111091
111110
111155
111174
111247
111312
111332
111486
111498
111500
111531
111603
111731
111785
111808
111815
111843
111896
111912
111973
111975
112001
112088
112166
112169
112210
112494
112537
112647
112654
112692
112751
112758
112777
112844
112852
112924
112945
112958
112962
112989
113006
113014
113106
113148
113186
113192
113226
113324
113348
113468
113515
113519
113689
113703
113710
113752
113777
113869
113912
114084
114111
114116
114123
114130
114190
114287
114326
114471
114485
114487
114494
114518
114599
114613
114643
114664
114813
114994
115113
115164
115247
115317
115358
115481
115482
115492
115560
115584
115598
115599
115602
115682
115688
115709
115791
115817
115832
115873
115966
115972
116102
116176
116228
116237
116316
116334
116538
116605
116635
116684
116846
116867
116913
116931
116956
116995
117109
117146
117155
117283
117395
117488
117603
117630
117642
117703
117733
117735
117765
117768
117778
117888
118067
118105
118125
118134
118146
118154
118234
118318
118459
118460
118528
118533
118613
118671
118743
118753
118770
118786
118827
118910
118911
119129
119135
119173
119247
119295
119298
119366
119388
119461
119527
119572
119588
119773
119783
119841
119880
119909
119913
120088
120099
120110
120112
120161
120166
120235
120405
120480
120535
120571
120575
120634
120658
120720
120790
120816
120820
120943
120969
120971
120987
121054
121099
121130
121213
121235
121265
121274
121325
121379
121388
121404
121407
121419
121430
121468
121560
121627
121647
121658
121830
121875
122021
122184
122240
122244
122246
122494
122498
122556
122606
122667
122705
122763
122810
122855
122867
122941
122947
122997
123004
123009
123063
123160
123195
123240
123241
123245
123331
123335
123340
123362
123512
123571
123598
123603
123618
123759
123769
123802
123874
123959
124001
124059
124077
124095
124102
124133
124218
124278
124315
124362
124366
124377
124385
124506
124583
124602
124610
124615
124659
124666
124672
124688
124817
124849
124861
124901
124935
124951
124981
125078
125182
125242
125249
125251
125329
125419
125500
125504
125534
125568
125600
125632
125777
125812
125835
125918
125924
126000
126001
126004
126058
126061
126089
126137
126138
126139
126175
126222
126228
126275
126304
126348
126407
126417
126490
126734
126803
126804
126811
126859
126893
126924
126979
127039
127119
127127
127133
127390
127683
127707
127708
127787
127799
127800
127842
127968
128056
128183
128252
128281
128302
128318
128361
128375
128436
128457
128492
128643
128711
128850
128864
128954
128984
129031
129105
129145
129244
129257
129272
129302
129332
129337
129363
129380
129553
129567
129574
129580
129587
129605
129610
129622
129638
129945
129958
130050
130062
130138
130147
130206
130252
130373
130437
130461
130556
130596
130638
130740
130788
130897
130946
130951
130952
130965
131054
131168
131238
131355
131369
131421
131457
131484
131513
131540
131567
131661
131699
131725
131785
131809
131821
131838
131843
131849
131876
132014
132025
132051
132111
132157
132189
132226
132263
132335
132338
132361
132401
132445
132482
132531
132550
132567
132602
132632
132659
132691
132716
132813
132831
132848
132879
132970
132973
133002
133028
133066
133071
133081
133097
133234
133259
133337
133339
133397
133474
133533
133549
133563
133667
133684
133692
133764
133778
133791
133915
133922
133925
133929
133933
133947
134075
134082
134120
134149
134279
134300
134334
134438
134479
134502
134582
134699
134759
134793
134820
134837
134879
134996
135033
135112
135184
135200
135203
135276
135369
135452
135454
135503
135540
135660
135739
135850
135890
135916
136019
136096
136116
136151
136216
136227
136251
136284
136344
136354
136376
136389
136515
136525
136548
136559
136588
136607
136649
136675
136682
136704
136761
136763
136772
136929
136933
136954
137010
137082
137093
137115
137184
137202
137241
137252
137302
137345
137373
137379
137572
137633
137660
137727
137773
137814
137901
137908
137960
137978
138045
138074
138075
138095
138169
138206
138243
138245
138288
138295
138367
138421
138555
138577
138631
138644
138825
138837
138882
138952
138961
138994
139019
139109
139119
139205
139251
139252
139333
139372
139385
139464
139485
139502
139576
139583
139754
139787
139821
139864
139886
139890
139999
140052
140078
140148
140175
140176
140200
140225
140231
140292
140303
140328
140478
140507
140527
140585
140617
140622
140632
140713
140736
140798
140895
140971
140989
141003
141034
141114
141174
141192
141207
141244
141352
141373
141383
141432
141452
141463
141493
141509
141570
141663
141668
141672
141678
141702
141780
141855
141937
141977
141995
142000
142094
142105
142147
142168
142239
142282
142329
142344
142382
142469
142586
142590
142646
142695
142753
142778
142839
142887
142999
143014
143019
143029
143037
143075
143152
143270
143272
143300
143312
143316
143498
143517
143522
143542
143636
143674
143678
144049
144082
144166
144262
144295
144503
144583
144608
144671
144738
144758
144874
144959
145021
145071
145084
145113
145135
145164
145192
145211
145223
145248
145266
145368
145372
145520
145548
145587
145593
145623
145768
145894
145907
145930
145968
146000
146080
146102
146115
146171
146284
146311
146345
146403
146515
146572
146609
146656
146670
146721
146736
146780
146872
146911
146923
146993
147041
147045
147057
147061
147069
147086
147117
147126
147140
147206
147239
147246
147276
147308
147310
147379
147420
147448
147451
147581
147594
147612
147632
147651
147683
147719
147789
147821
147825
147853
147913
147925
147934
147994
148111
148132
148156
148194
148195
148234
148247
148310
148344
148356
148397
148422
148453
148499
148511
148597
148607
148623
148650
148671
148752
148870
148907
148987
149011
149039
149073
149096
149132
149150
149224
149226
149237
149316
149426
149454
149532
149616
149654
149670
149676
149686
149762
149771
149868
149963
149980
150032
150041
150050
150182
150254
150338
150364
150427
150458
150459
150506
150514
150524
150546
150564
150590
150617
150649
150836
150936
150971
150976
150981
150985
151006
151024
151073
151074
151175
151184
151215
151236
151306
151389
151390
151483
151490
151520
151643
151707
151709
151710
151761
151780
151826
151896
151909
152018
152025
152048
152058
152097
152116
152194
152258
152268
152294
152327
152359
152400
152410
152411
152494
152512
152595
152755
152801
152810
152959
153008
153177
153194
153225
153355
153428
153430
153468
153746
153814
153885
153906
153969
154031
154035
154051
154080
154150
154163
154298
154307
154377
154390
154424
154429
154446
154451
154481
154499
154648
154689
154718
154719
154721
154765
154773
154939
154977
155014
155027
155062
155069
155154
155166
155264
155273
155344
155348
155372
155373
155410
155428
155431
155440
155464
155646
155751
155775
155779
155806
155853
155898
155942
156081
156258
156387
156453
156509
156595
156622
156776
156809
156842
157015
157100
157107
157150
157165
157199
157298
157311
157360
157361
157368
157395
157416
157437
157631
157735
157788
157819
157940
158034
158061
158066
158073
158102
158113
158181
158241
158264
158317
158324
158346
158348
158349
158416
158491
158605
158657
158661
158684
158696
158758
158782
158866
158980
159067
159120
159207
159208
159228
159288
159298
159324
159375
159405
159435
159462
159518
159527
159598
159728
159818
159846
159886
159935
159988
160025
160241
160346
160450
160473
160524
160560
160612
160631
160641
160684
160696
160749
160760
160778
160809
160925
161026
161051
161133
161220
161287
161332
161356
161370
161383
161499
161539
161599
161607
161644
161648
161651
161666
161875
161882
161885
161944
161962
162029
162083
162091
162149
162298
162392
162477
162487
162629
162778
162797
162810
162826
162828
162876
162983
163010
163208
163285
163379
163463
163581
163626
163650
163701
163727
163756
163771
163837
164042
164080
164103
164311
164405
164495
164537
164556
164598
164643
164798
164818
164857
165060
165062
165167
165170
165396
165402
165414
165576
165775
165843
165868
165913
165922
165965
165987
166147
166175
166189
166271
166368
166382
166426
166505
166598
166646
166666
166700
166827
166882
166904
166931
166972
167001
167079
167129
167137
167168
167190
167199
167238
167322
167440
167502
167524
167624
167677
167725
167762
167784
167793
167814
167824
167849
167956
168031
168046
168086
168184
168190
168205
168261
168277
168301
168379
168547
168645
168788
168840
169023
169102
169105
169115
169131
169136
169270
169419
169436
169538
169605
169667
169710
169741
169793
169841
169912
169942
169946
169947
169985
170034
170071
170075
170080
170200
170222
170223
170356
170522
170642
170653
170706
170730
170763
170775
170778
170818
170892
170923
170999
171014
171085
171118
171126
171195
171277
171285
171353
171405
171522
171533
171642
171672
171681
171703
171719
171729
171767
171833
171841
171842
171869
171886
172178
172219
172300
172347
172352
172416
172482
172542
172662
172701
172731
172754
172783
172806
172820
172826
172879
172931
172938
172970
173083
173145
173173
173194
173242
173290
173315
173318
173320
173330
173369
173409
173421
173436
173451
173453
173571
173643
173694
173786
173934
174039
174074
174088
174106
174107
174154
174198
174200
174206
174354
174373
174460
174583
174629
174692
174717
174720
174748
174756
174770
174783
174825
174926
174967
175066
175069
175182
175204
175267
175337
175344
175349
175414
175474
175516
175559
175563
175573
175595
175611
175704
175758
175837
175838
175868
175944
175962
176038
176077
176187
176212
176300
176349
176354
176369
176386
176394
176410
176453
176482
176514
176541
176554
176566
176632
176680
176746
176781
176798
176859
176885
177008
177077
177163
177488
177533
177537
177541
177593
177607
177627
177674
177759
177952
178013
178062
178095
178132
178234
178270
178319
178342
178358
178465
178595
178640
178653
178740
178754
178883
178897
178901
178902
178918
178947
178969
179009
179016
179028
179043
179103
179144
179167
179201
179263
179265
179318
179375
179467
179472
179619
179639
179678
179713
179728
179739
179775
179778
179802
179803
179842
179876
179900
179989
180126
180141
180156
180191
180230
180231
180265
180358
180375
180458
180493
180508
180656
180697
180720
180722
180827
181090
181111
181260
181274
181290
181291
181444
181562
181633
181652
181812
181848
181897
181983
182098
182140
182157
182225
182253
182316
182322
182405
182482
182587
182592
182668
182758
182782
182802
182894
182917
182929
182931
182994
183049
183052
183054
183075
183161
183204
183386
183396
183482
183506
183537
183554
183562
183607
183731
183780
183905
183969
184033
184100
184210
184226
184248
184270
184327
184345
184404
184414
184431
184438
184485
184550
184678
184680
184717
184760
184774
184777
184781
184783
184910
184960
184976
185135
185179
185216
185243
185251
185269
185272
185300
185312
185368
185400
185460
185472
185480
185509
185530
185599
185602
185735
185835
185839
185862
185875
185878
185890
185919
185920
185963
186058
186113
186116
186124
186148
186161
186279
186335
186373
186448
186451
186466
186502
186698
186700
186704
186718
186802
186875
186893
186910
186915
186954
186964
186995
187048
187067
187124
187149
187178
187191
187268
187390
187417
187489
187606
187616
187672
187716
187732
187780
187817
187832
187860
187937
187944
187946
187950
187955
187993
187994
188213
188234
188274
188299
188328
188342
188364
188414
188422
188435
188467
188608
188640
188665
188675
188709
188716
189000
189013
189083
189112
189166
189185
189250
189312
189313
189374
189547
189553
189582
189681
189742
189782
189849
189997
190070
190101
190112
190161
190164
190224
190257
190292
190293
190305
190336
190340
190358
190436
190442
190463
190471
190558
190569
190585
190641
190682
190815
190819
190853
190878
190883
190902
190926
191118
191250
191251
191302
191316
191346
191447
191488
191541
191542
191601
191669
191752
191827
191928
191953
191974
191991
192042
192063
192094
192140
192151
192186
192239
192245
192246
192259
192266
192277
192308
192360
192364
192485
192498
192499
192535
192555
192560
192599
192603
192659
192722
192753
192769
192771
192779
192828
192835
192940
192964
192987
192998
193082
193140
193191
193209
193218
193266
193312
193315
193530
193550
193556
193573
193732
193758
193761
193799
193833
193951
193962
194036
194068
194133
194177
194216
194296
194299
194366
194390
194557
194583
194594
194604
194616
194663
194797
194895
194925
194974
195011
195077
195108
195150
195166
195183
195273
195309
195367
195410
195546
195554
195562
195567
195655
195658
195733
195760
195778
195990
196056
196059
196151
196194
196207
196242
196261
196278
196422
196455
196483
196666
196821
196825
196900
196935
196987
197046
197115
197122
197154
197192
197204
197237
197264
197273
197316
197330
197366
197487
197530
197589
197591
197626
197636
197644
197666
197672
197777
197891
197929
198012
198062
198065
198081
198119
198189
198214
198283
198516
198554
198580
198599
198628
198687
198732
198736
198738
198739
198763
198798
198826
198948
199046
199072
199077
199096
199098
199105
199334
199411
199429
199436
199440
199522
199534
199583
199594
199694
199725
199730
199804
199811
199862
199989
200035
200084
200108
200121
200223
200242
200246
200353
200454
200457
200499
200615
200657
200704
200798
200874
201024
201068
201086
201117
201128
201284
201330
201613
201633
201692
201856
201864
201869
201880
202001
202115
202149
202153
202167
202190
202201
202210
202257
202348
202371
202377
202437
202558
202565
202592
202593
202615
202661
202713
202768
202913
202932
203058
203065
203187
203219
203277
203379
203495
203530
203560
203579
203617
203625
203645
203666
203898
203936
204073
204146
204170
204173
204177
204205
204239
204261
204279
204342
204436
204508
204514
204555
204591
204608
204613
204695
205037
205105
205118
205121
205154
205169
205195
205349
205393
205485
205563
205595
205678
205690
205761
205765
205821
205867
206044
206062
206128
206226
206240
206292
206323
206379
206421
206507
206513
206556
206923
206928
206966
206977
207013
207037
207043
207149
207187
207255
207413
207426
207505
207531
207578
207604
207620
207632
207666
207714
207757
207762
207770
207788
207795
207801
207814
207836
207858
208005
208026
208048
208113
208151
208167
208209
208302
208379
208391
208448
208456
208497
208555
208660
208762
208775
208812
208878
208912
208988
209043
209097
209193
209277
209382
209401
209408
209409
209501
209624
209655
209684
209687
209748
209752
209874
209884
209892
209895
209900
209916
209923
209927
209959
210042
210054
210143
210151
210180
210280
210460
210503
210529
210567
210693
210744
210750
210802
210821
210885
211078
211085
211088
211102
211222
211231
211375
211526
211528
211532
211639
211692
211694
211707
211712
211782
211807
211826
211829
211847
211853
211883
211886
211993
211995
212055
212061
212078
212161
212176
212181
212189
212199
212286
212354
212412
212477
212637
212662
212730
212752
212807
212956
212975
212986
213015
213035
213057
213058
213138
213262
213265
213353
213412
213495
213618
213726
213917
213938
213939
213960
213978
214003
214107
214128
214164
214276
214306
214324
214401
214415
214435
214449
214514
214533
214542
214574
214661
214678
214691
214703
214735
214749
214805
214928
214961
215023
215205
215238
215309
215317
215343
215394
215424
215429
215471
215494
215500
215558
215627
215651
215771
215839
215873
216004
216013
216023
216024
216042
216052
216070
216072
216196
216294
216426
216464
216469
216474
216551
216656
216657
216662
216689
216714
216863
216871
216943
217081
217201
217251
217259
217435
217439
217464
217471
217573
217614
217628
217777
217868
217879
217952
217975
218054
218135
218144
218165
218170
218386
218421
218427
218472
218869
218889
218892
218913
219087
219134
219157
219245
219283
219451
219511
219512
219533
219540
219544
219566
219569
219589
219608
219619
219672
219932
219962
219975
220000
220056
220067
220101
220104
220175
220185
220245
220420
220451
220464
220473
220540
220659
220677
220703
220716
220718
220770
220840
220971
220977
221127
221137
221140
221199
221326
221413
221466
221532
221570
221604
221632
221745
221836
221866
221926
221930
221952
221963
222097
222114
222131
222133
222155
222166
222287
222382
222474
222553
222561
222592
222628
222710
222741
222885
222968
223042
223104
223108
223128
223141
223145
223159
223190
223394
223420
223468
223524
223548
223566
223589
223699
223740
223741
223756
223776
223808
223876
223915
223939
223991
224035
224087
224144
224225
224325
224326
224420
224459
224474
224486
224544
224567
224581
224601
224616
224702
224706
224810
224818
224847
224936
225000
225075
225080
225096
225173
225238
225369
225370
225439
225513
225538
225678
225684
225705
225799
225800
225832
225839
225840
225851
225852
225872
225883
225892
225909
225964
225965
226007
226019
226041
226052
226060
226082
226119
226142
226188
226314
226556
226601
226623
226681
226693
226699
226713
226797
226802
226928
226964
226968
226983
227064
227094
227103
227109
227111
227158
227385
227389
227390
227465
227492
227526
227596
227625
227679
227690
227761
227828
227852
227874
228037
228039
228080
228145
228204
228414
228450
228491
228501
228515
228564
228701
228708
228716
228795
228894
228900
228920
228926
228932
228973
229013
229055
229149
229270
229310
229361
229372
229457
229625
229726
229798
229807
229831
229832
229994
230023
230061
230161
230187
230319
230451
230455
230504
230519
230537
230571
230575
230614
230633
230727
230767
230799
230911
230922
231120
231255
231267
231345
231434
231447
231451
231557
231629
231659
231678
231684
231715
231752
231781
231816
231881
231926
231960
231970
232034
232223
232262
232291
232367
232397
232487
232547
232561
232565
232633
232639
232687
232708
232772
232781
232927
232958
232991
233013
233031
233109
233136
233138
233173
233192
233199
233295
233432
233466
233469
233488
233518
233536
233621
233642
233645
233724
233731
233828
233876
233895
233926
233930
233965
233981
233994
234005
234020
234098
234127
234130
234391
234420
234438
234467
234506
234526
234540
234551
234579
234656
234743
234897
234906
234996
235073
235231
235274
235346
235348
235358
235452
235470
235495
235596
235604
235609
235612
235625
235652
235684
235720
235797
235812
235881
236103
236121
236135
236181
236254
236287
236306
236326
236337
236441
236458
236485
236705
236822
236846
236919
236930
236976
237014
237061
237110
237191
237343
237370
237417
237423
237565
237655
237667
237705
237709
237733
237917
238020
238049
238050
238088
238089
238097
238108
238177
238253
238306
238379
238393
238449
238615
238728
238754
238978
239006
239071
239090
239178
239279
239305
239357
239386
239406
239712
239941
240021
240102
240159
240161
240225
240284
240313
240415
240434
240470
240670
240727
240770
240834
240851
240929
240983
241137
241163
241165
241199
241255
241288
241402
241532
241622
241640
241655
241660
241781
241794
241858
241912
241924
242070
242093
242242
242295
242306
242318
242376
242441
242508
242519
242540
242584
242601
242653
242683
242732
242762
242808
242834
243033
243233
243292
243316
243424
243443
243506
243516
243520
243546
243578
243711
243712
243749
243769
243778
243838
243841
243851
243940
243959
243968
243994
244011
244028
244107
244176
244277
244316
244402
244406
244412
244523
244524
244541
244572
244804
244839
244878
244894
244929
244961
244969
245020
245065
245086
245143
245202
245209
245235
245418
245507
245558
245646
245698
245756
245834
245884
245888
245901
245962
246078
246133
246157
246198
246332
246394
246490
246509
246585
246626
246642
246657
246731
246756
246761
246825
246890
246891
246907
246945
246960
246983
247101
247161
247181
247219
247222
247271
247389
247391
247547
247558
247584
247611
247641
247653
247692
247706
247713
247724
247728
247777
247853
247869
247873
247901
247916
247934
248173
248179
248229
248259
248319
248328
248368
248592
248663
248669
248728
248740
248784
248805
248847
248870
248876
248898
249041
249117
249142
249159
249226
249227
249385
249389
249513
249561
249568
249612
249782
249889
249927
249989
250013
250056
250083
250096
250206
250218
250224
250315
250323
250380
250383
250436
250503
250541
250550
250605
250638
250643
250650
250660
250666
250679
250754
250776
250807
250828
250833
250921
251025
251046
251171
251239
251262
251455
251462
251479
251482
251523
251663
251687
251707
251731
251782
251786
251814
251815
251935
252037
252213
252261
252268
252286
252296
252303
252306
252485
252492
252517
252528
252558
252703
252805
252876
252883
252939
253026
253130
253152
253302
253354
253391
253506
253515
253617
253656
253677
253737
254000
254253
254273
254509
254545
254562
254586
254607
254628
254787
254812
254876
254963
254975
255115
255186
255239
255244
255275
255279
255404
255435
255525
255526
255560
255692
255752
255791
255855
255864
255880
256022
256052
256056
256073
256076
256120
256125
256163
256248
256280
256289
256323
256375
256436
256603
256605
256732
256734
256822
256865
256873
256880
256891
256983
256990
256991
257039
257158
257171
257395
257659
257935
257958
257995
258015
258026
258217
258247
258260
258302
258311
258401
258423
258440
258476
258509
258624
258773
258788
258800
258809
258852
258933
258965
258973
259032
259043
259127
259131
259136
259137
259157
259205
259258
259338
259488
259533
259534
259542
259563
259580
259597
259615
259627
259714
259768
259885
259928
259940
259957
259977
259991
260190
260239
260240
260315
260352
260388
260401
260429
260450
260566
260601
260605
260651
260736
260742
260805
260865
260903
260908
260914
260951
260983
260984
261013
261026
261057
261062
261237
261249
261419
261481
261614
261631
261696
261722
261753
261788
261862
261865
261873
262203
262222
262225
262249
262276
262326
262336
262350
262363
262366
262418
262459
262509
262532
262560
262573
262703
262808
262841
262866
262899
262926
263025
263031
263118
263321
263336
263344
263347
263373
263431
263454
263473
263498
263586
263620
263636
263664
263671
263737
263891
263934
263945
263979
263990
264015
264139
264167
264233
264278
264279
264323
264365
264369
264439
264456
264482
264492
264580
264640
264642
264654
264687
264728
264730
264733
264759
264829
264840
264895
264915
264963
264979
265010
265035
265050
265099
265134
265147
265149
265182
265193
265253
265276
265367
265392
265419
265430
265540
265558
265570
265640
265695
265699
265802
265850
265859
265869
265944
265962
266050
266209
266261
266268
266284
266287
266309
266422
266495
266516
266546
266548
266553
266589
266655
266659
266879
266904
266958
267008
267072
267093
267177
267206
267241
267255
267271
267344
267381
267408
267462
267545
267567
267641
267710
267714
267752
267792
267869
267918
267935
268054
268141
268169
268177
268217
268331
268351
268365
268371
268408
268508
268541
268543
268550
268599
268605
268643
268667
268668
268752
268824
268841
268855
269036
269073
269123
269207
269235
269311
269390
269429
269465
269540
269611
269613
269643
269669
269671
269737
269813
269818
269915
269916
269969
269994
270021
270028
270070
270075
270077
270119
270192
270206
270214
270251
270339
270376
270377
270419
270445
270528
270598
270729
270797
270878
270955
271013
271079
271167
271171
271192
271228
271343
271435
271446
271600
271740
271756
271766
271767
271777
271874
271910
272017
272038
272045
272067
272165
272172
272193
272253
272313
272397
272403
272463
272474
272548
272566
272579
272613
272687
272690
272751
272875
272889
272918
273170
273179
273207
273368
273382
273389
273456
273491
273523
273583
273864
273884
273896
273903
273943
274172
274307
274398
274412
274502
274552
274565
274647
274700
274712
274745
274799
274847
274864
275007
275134
275149
275190
275316
275339
275401
275498
275553
275649
275755
275759
275815
275901
275944
275949
276014
276084
276091
276182
276221
276224
276277
276360
276396
276402
276448
276511
276512
276553
276582
276585
276657
276670
276686
276761
276891
276901
276935
276938
277045
277092
277120
277129
277194
277267
277323
277327
277329
277348
277438
277468
277478
277492
277501
277542
277569
277588
277746
277777
277818
277834
277913
277946
277979
278020
278040
278043
278069
278084
278184
278345
278365
278394
278420
278463
278515
278527
278560
278572
278588
278590
278618
278755
278787
278836
278846
278885
278986
278988
279009
279014
279098
279122
279182
279249
279335
279361
279377
279418
279524
279582
279773
279834
279875
279886
279916
280199
280308
280328
280352
280403
280454
280511
280569
280589
280634
280638
280693
280719
280841
280865
281129
281220
281240
281261
281273
281322
281346
281385
281431
281525
281540
281552
281560
281584
281589
281716
281771
281918
281926
281936
281946
281964
281972
281994
282021
282076
282189
282381
282401
282449
282451
282482
282570
282597
282603
282680
282760
282806
282825
282842
282865
282940
282999
283001
283028
283047
283053
283073
283085
283194
283208
283216
283245
283357
283368
283417
283454
283482
283666
283693
283757
283768
283843
283930
283974
284066
284071
284080
284249
284356
284431
284474
284498
284500
284540
284573
284585
284641
284681
284724
284791
284794
284815
284919
285043
285207
285308
285405
285417
285463
285496
285566
285596
285747
285760
285857
285874
285908
285931
285938
285978
286017
286025
286130
286151
286220
286245
286335
286441
286545
286596
286600
286639
286641
286693
286767
286821
286949
287010
287014
287027
287064
287149
287221
287255
287324
287340
287350
287366
287379
287410
287414
287482
287506
287539
287554
287564
287610
287672
287680
287695
287729
287879
287955
288012
288014
288111
288209
288210
288224
288237
288277
288320
288390
288402
288442
288505
288562
288721
288911
288951
288959
289031
289042
289118
289169
289268
289341
289355
289421
289490
289506
289550
289690
289704
289774
289787
289809
289836
289882
290025
290063
290158
290233
290252
290312
290338
290344
290359
290449
290492
290510
290558
290561
290579
290732
290810
290821
290824
290832
290903
290972
291070
291138
291189
291203
291369
291451
291505
291557
291570
291583
291597
291650
291652
291674
291682
291787
291789
291844
291863
291879
291992
292004
292111
292155
292156
292195
292229
292243
292244
292256
292309
292349
292411
292492
292590
292601
292613
292640
292645
292714
292773
292796
292875
292906
292917
292975
293001
293027
293038
293049
293097
293197
293299
293408
293479
293603
293607
293665
293724
293808
293822
293867
293961
293966
293980
294029
294106
294212
294245
294280
294448
294454
294463
294565
294572
294606
294625
294648
294653
294687
294807
294885
294928
294953
294976
295037
295040
295055
295087
295088
295234
295253
295265
295271
295273
295289
295361
295366
295422
295436
295530
295534
295565
295587
295646
295658
295738
295926
295971
296028
296105
296191
296204
296209
296356
296362
296469
296492
296589
296690
296703
296715
296791
296827
296878
296902
296937
297041
297067
297088
297126
297130
297141
297198
297223
297224
297242
297244
297305
297323
297368
297385
297440
297506
297560
297570
297576
297596
297619
297638
297650
297655
297701
297738
297758
297778
297838
297844
297882
297944
298026
298076
298158
298161
298234
298257
298268
298325
298441
298499
298501
298531
298540
298566
298598
298618
298652
298791
298829
298892
298933
298970
298972
299010
299024
299054
299057
299169
299207
299238
299276
299296
299363
299403
299426
299521
299616
299632
299772
299847
299869
300000
300003
300021
300102
300173
300186
300221
300303
300314
300404
300454
300481
300509
300590
300607
300608
300645
300667
300687
300744
300747
300759
300796
300813
300827
300849
300929
300944
300961
301057
301091
301107
301192
301194
301231
301267
301271
301313
301384
301423
301552
301628
301928
301934
301957
301993
302001
302077
302117
302176
302185
302191
302217
302295
302344
302359
302385
302451
302466
302490
302539
302545
302616
302715
302720
302727
302747
302797
302820
302850
302851
302886
302909
302933
303011
303106
303119
303137
303182
303196
303234
303237
303247
303380
303392
303413
303416
303451
303466
303554
303583
303674
303681
303742
303800
303821
303914
303915
303970
303972
304035
304074
304093
304188
304204
304279
304331
304360
304361
304392
304541
304545
304606
304659
304732
304799
304888
304977
304993
305054
305152
305188
305398
305517
305542
305555
305661
305712
305755
305859
305869
305933
305940
306002
306058
306062
306069
306080
306138
306210
306261
306274
306383
306399
306423
306438
306477
306585
306588
306620
306635
306662
306663
306685
306730
306787
306794
306806
306941
306962
306976
307255
307271
307287
307304
307315
307379
307380
307427
307529
307616
307647
307823
307834
307836
307888
307966
307983
308021
308169
308191
308219
308234
308286
308314
308411
308511
308532
308615
308619
308692
308719
308746
308800
308891
309086
309098
309105
309205
309243
309304
309335
309346
309470
309493
309549
309620
309634
309656
309745
309749
309841
309855
309901
309937
310042
310171
310223
310306
310320
310368
310385
310404
310480
310680
310716
310774
310871
310882
310942
311023
311062
311165
311200
311225
311275
311421
311521
311732
311752
311783
311822
311859
311993
311994
312141
312215
312292
312321
312353
312434
312440
312531
312680
312691
312733
312779
312854
312895
312899
313002
313046
313072
313116
313180
313238
313346
313443
313516
313558
313586
313640
313657
313669
313714
313759
313764
313883
314041
314053
314064
314160
314186
314210
314341
314370
314386
314418
314502
314521
314530
314580
314596
314685
314687
314702
314709
314721
314728
314739
314815
314875
314912
314931
315002
315004
315020
315046
315090
315186
315275
315306
315348
315351
315449
315500
315537
315544
315660
315674
315692
315724
315737
315789
315801
315818
315958
315983
315991
316024
316159
316206
316221
316330
316461
316532
316549
316628
316683
316861
316867
316910
316922
316995
317040
317044
317176
317280
317331
317373
317402
317446
317476
317527
317545
317665
317684
317714
317837
317844
317878
317932
317944
318019
318027
318055
318083
318160
318180
318313
318375
318381
318450
318451
318459
318476
318522
318562
318587
318625
318686
318803
318815
318899
318900
318931
319137
319162
319258
319419
319461
319485
319512
319585
319599
319623
319663
319699
319730
319751
319825
319844
319864
319899
319934
319953
320021
320095
320195
320197
320226
320230
320263
320404
320451
320462
320473
320477
320562
320625
320665
320695
320868
320963
321063
321072
321131
321140
321153
321174
321188
321292
321325
321351
321379
321475
321478
321500
321540
321576
321631
321652
321673
321753
321785
321804
321880
321927
322167
322168
322177
322264
322294
322348
322370
322453
322487
322549
322807
323097
323110
323127
323130
323215
323242
323301
323343
323364
323507
323539
323560
323591
323667
323927
323937
324063
324160
324191
324276
324282
324303
324306
324310
324354
324428
324435
324502
324523
324581
324585
324586
324634
324671
324698
324703
324713
324780
324782
324788
324799
324847
324876
325036
325104
325196
325339
325422
325546
325622
325645
325647
325673
325711
325742
325754
325908
325959
326022
326042
326111
326167
326202
326338
326342
326382
326403
326408
326414
326500
326509
326583
326601
326604
326635
326643
326674
326750
326918
326976
327091
327107
327200
327212
327235
327246
327285
327348
327357
327358
327388
327407
327523
327529
327531
327542
327598
327630
327701
327822
327858
327905
327989
328071
328085
328151
328176
328178
328189
328230
328285
328315
328378
328390
328407
328429
328442
328576
328608
328907
329000
329001
329011
329099
329148
329211
329275
329286
329303
329310
329356
329429
329477
329494
329656
329669
329689
329727
329824
329841
329870
329944
329962
329965
330017
330105
330111
330202
330203
330234
330289
330329
330352
330472
330513
330564
330651
330879
330915
330938
331004
331042
331063
331083
331118
331133
331165
331225
331254
331270
331324
331346
331358
331382
331453
331487
331517
331522
331526
331544
331588
331613
331667
331788
331806
331811
331835
331838
331853
331859
331863
331948
332119
332231
332298
332349
332350
332368
332383
332387
332415
332491
332498
332656
332853
332905
332912
332935
332942
332948
332987
333009
333019
333157
333213
333238
333328
333521
333550
333611
333627
333878
334036
334094
334160
334177
334229
334292
334319
334339
334341
334491
334532
334543
334593
334628
334657
334732
334759
334817
334888
335095
335253
335352
335389
335397
335411
335468
335497
335522
335535
335581
335605
335630
335639
335662
335673
335687
335696
335824
335843
335871
335912
335963
336016
336020
336188
336190
336233
336261
336267
336315
336427
336479
336514
336540
336554
336580
336636
336748
336787
336791
336810
336867
336989
337001
337005
337018
337074
337081
337213
337243
337322
337457
337473
337498
337524
337661
337689
337701
337915
338017
338042
338111
338181
338183
338189
338303
338308
338344
338472
338513
338629
338650
338668
338708
338765
338788
338941
338958
338962
339138
339139
339168
339188
339503
339561
339594
339598
339617
339623
339624
339682
339686
339728
339758
339777
339823
339923
339949
339994
340101
340178
340188
340285
340365
340420
340631
340646
340648
340754
340833
340950
341044
341069
341103
341157
341225
341251
341259
341327
341366
341398
341451
341561
341674
341677
341723
341831
341919
341927
341951
341973
341991
342005
342057
342068
342074
342134
342191
342275
342412
342524
342543
342552
342599
342697
342768
342787
342808
342859
343084
343102
343108
343161
343173
343240
343254
343295
343349
343355
343356
343363
343403
343451
343516
343571
343589
343599
343638
343645
343662
343681
343686
343709
343774
343816
343938
343978
344018
344095
344307
344360
344390
344393
344470
344670
344851
344944
345012
345025
345028
345036
345070
345120
345159
345167
345247
345271
345283
345301
345322
345413
345444
345797
345861
345889
345894
345974
346026
346029
346090
346112
346116
346137
346187
346232
346328
346334
346356
346386
346448
346484
346710
346716
346878
346914
346945
347003
347004
347057
347085
347126
347134
347139
347187
347203
347329
347450
347457
347476
347532
347549
347593
347652
347659
347681
347708
347756
347791
347794
347796
347850
347852
347874
347914
347998
348060
348178
348296
348297
348310
348465
348528
348561
348562
348749
348932
348960
348971
348991
349113
349282
349360
349399
349440
349473
349480
349494
349497
349535
349631
349634
349647
349784
349796
349805
349819
350001
350005
350070
350141
350145
350162
350174
350187
350270
350462
350561
350582
350643
350669
350690
350753
350798
350835
350855
350932
350936
350939
350984
351079
351146
351182
351186
351254
351364
351452
351474
351539
351547
351590
351627
351778
351826
351873
352000
352097
352110
352139
352316
352367
352406
352423
352452
352459
352479
352509
352591
352622
352691
352710
352720
352823
352892
352920
352951
353013
353107
353252
353283
353290
353300
353304
353336
353431
353442
353506
353532
353633
353721
353853
353993
354020
354035
354102
354331
354434
354481
354532
354564
354669
354768
354903
355065
355128
355168
355207
355229
355254
355355
355410
355506
355533
355545
355548
355618
355663
355793
355794
355858
355879
355906
355929
356007
356058
356120
356270
356378
356415
356432
356489
356610
356633
356635
356648
356782
356807
356854
356894
356944
357003
357130
357397
357410
357487
357499
357589
357607
357627
357700
357718
357808
357884
357893
357903
358200
358258
358271
358279
358386
358546
358601
358711
358715
358782
358868
358922
359100
359181
359215
359308
359311
359383
359384
359636
359667
359678
359783
359787
359800
359824
359869
360024
360036
360063
360139
360168
360176
360260
360266
360267
360290
360463
360469
360489
360500
360531
360631
360657
360686
360690
360792
360839
360880
361033
361162
361224
361270
361283
361286
361383
361459
361696
361745
361749
361869
361906
361919
361952
361981
361997
362063
362237
362243
362343
362379
362417
362440
362454
362498
362522
362563
362565
362574
362611
362620
362647
362688
362726
362772
362787
362796
362810
362931
362977
362978
363001
363071
363141
363171
363179
363285
363370
363381
363427
363437
363482
363565
363645
363655
363658
363730
363899
363939
364045
364047
364108
364111
364176
364242
364277
364331
364371
364377
364421
364523
364561
364569
364581
364620
364677
364680
364712
364728
364749
364889
364907
364929
364986
364996
365064
365119
365157
365233
365244
365332
365335
365347
365376
365507
365626
365725
365730
365936
365957
365977
366031
366060
366137
366153
366425
366469
366520
366538
366540
366617
366634
366725
366746
366753
366759
366808
366886
366906
366929
366981
367006
367020
367066
367068
367077
367109
367117
367133
367148
367153
367192
367200
367253
367264
367350
367416
367469
367508
367512
367540
367613
367666
367742
367745
367757
367758
367845
367911
367956
368084
368123
368162
368178
368322
368351
368356
368424
368446
368473
368515
368626
368640
368652
368800
368872
368976
369075
369092
369185
369259
369422
369424
369465
369519
369530
369551
369690
369715
369779
369781
369824
369966
370066
370085
370113
370173
370203
370334
370525
370576
370595
370676
370715
370741
370891
370920
370986
371091
371124
371202
371212
371330
371411
371645
371666
371731
371793
371828
371907
371932
371946
371960
371999
372005
372157
372176
372229
372297
372489
372500
372503
372516
372567
372662
372716
372736
372748
372775
372850
372884
372902
372908
372926
372935
372964
372982
373032
373038
373086
373117
373147
373199
373235
373253
373308
373402
373436
373511
373515
373663
373667
373799
373811
373815
373828
373935
373967
374088
374090
374300
374369
374376
374552
374567
374656
374674
374693
374716
374773
374877
374883
374897
375081
375106
375123
375127
375206
375248
375318
375330
375383
375406
375529
375714
375795
375829
375857
375902
375926
376039
376092
376182
376262
376279
376322
376326
376342
376487
376490
376534
376555
376573
376595
376634
376718
376723
376730
376733
376765
376776
376925
376957
376991
377020
377033
377037
377105
377202
377238
377245
377266
377316
377408
377435
377503
377515
377538
377580
377707
377744
377897
377979
378072
378101
378136
378143
378220
378329
378336
378354
378361
378365
378437
378442
378461
378469
378504
378519
378544
378562
379040
379154
379168
379329
379384
379407
379424
379447
379473
379548
379611
379622
379645
379674
379704
379713
379725
379821
380109
380205
380270
380484
380573
380583
380640
380644
380794
380803
380955
380982
381004
381010
381012
381016
381081
381093
381107
381119
381123
381177
381195
381219
381240
381257
381265
381322
381332
381369
381375
381384
381458
381507
381542
381631
381648
381761
381779
381874
381900
381938
382071
382117
382255
382325
382400
382401
382412
382423
382449
382558
382600
382630
382687
382709
382769
382796
382820
382884
382921
382967
382974
383017
383029
383092
383109
383298
383341
383430
383464
383469
383548
383549
383574
383615
383622
383646
383710
383719
383767
383796
383852
383866
383915
383929
383939
384013
384121
384130
384132
384187
384353
384379
384482
384504
384544
384570
384640
384715
384739
384795
384843
384923
384983
385109
385140
385161
385177
385206
385244
385307
385397
385401
385413
385458
385492
385519
385547
385622
385664
385680
385891
385925
385932
386003
386075
386112
386176
386198
386214
386384
386480
386507
386512
386525
386563
386608
386630
386753
386796
386876
386895
386977
387030
387084
387092
387129
387350
387375
387505
387619
387708
387748
387805
387835
387871
387899
387926
387951
388013
388043
388084
388106
388115
388481
388504
388512
388566
388584
388599
388682
388702
388814
388847
388865
388884
388907
389009
389027
389031
389154
389173
389177
389212
389225
389276
389302
389366
389432
389448
389489
389555
389581
389612
389654
389709
389743
389852
389921
389934
390007
390033
390067
390071
390103
390111
390286
390343
390368
390437
390571
390585
390613
390723
390743
390776
390848
390856
391104
391145
391180
391226
391241
391356
391384
391568
391631
391754
391773
391893
391901
391902
391999
392014
392032
392083
392208
392273
392275
392276
392279
392319
392342
392396
392427
392486
392504
392724
392733
392769
392798
392854
392912
392935
392972
393056
393088
393124
393133
393140
393155
393161
393202
393230
393403
393434
393453
393547
393609
393703
393754
393865
393881
393890
393897
393941
393994
394039
394105
394158
394159
394220
394236
394330
394383
394385
394415
394434
394493
394622
394717
394743
394746
394792
394834
394927
394935
395051
395156
395189
395207
395208
395249
395261
395268
395299
395355
395358
395402
395484
395518
395570
395695
395742
395753
395874
395939
396018
396019
396030
396043
396110
396210
396211
396286
396327
396361
396423
396449
396456
396517
396520
396521
396634
396727
396759
396792
396843
396844
396852
396974
396998
397023
397087
397357
397569
397598
397611
397673
397688
397775
397776
397783
397911
397988
398135
398157
398290
398349
398370
398391
398462
398584
398588
398601
398643
398644
398651
398746
398774
398801
398811
398824
398964
399152
399167
399238
399302
399309
399646
399653
399674
399702
399768
399923
399942
400116
400151
400154
400302
400343
400379
400436
400535
400550
400555
400610
400645
400683
400765
400797
400799
400885
400943
400973
401048
401072
401130
401135
401166
401168
401286
401289
401446
401481
401713
401748
401866
401955
401957
401962
402055
402163
402179
402203
402224
402423
402427
402464
402469
402560
402617
402635
402701
402741
402760
402830
402941
402987
402999
403054
403093
403183
403207
403211
403232
403448
403459
403460
403521
403544
403596
403610
403617
403646
403734
403800
403818
403837
403898
404014
404047
404107
404134
404185
404284
404450
404500
404659
404676
404719
404793
404800
404808
404846
404908
404941
405090
405108
405124
405171
405413
405485
405650
405748
405782
405805
405837
405847
405853
405935
405977
405986
406028
406057
406070
406073
406103
406121
406127
406187
406263
406466
406476
406495
406543
406556
406565
406621
406785
406810
406820
406844
406942
406974
407006
407051
407110
407170
407291
407324
407338
407367
407378
407486
407514
407556
407586
407602
407613
407639
407677
407924
408285
408375
408417
408421
408424
408433
408560
408579
408614
408624
408767
408815
409003
409043
409057
409068
409122
409143
409209
409236
409245
409256
409426
409435
409456
409577
409652
409663
409675
409731
409746
409752
409801
409884
409942
410035
410140
410144
410151
410154
410195
410256
410273
410277
410360
410449
410502
410515
410714
410716
410813
410865
410880
410915
410964
411000
411174
411182
411196
411201
411204
411379
411407
411455
411468
411512
411607
411629
411706
411734
411793
411915
411979
411989
412000
412037
412038
412114
412127
412167
412208
412384
412392
412449
412594
412632
412679
412690
412691
412695
412696
412722
412754
412992
413105
413126
413189
413219
413275
413417
413462
413486
413544
413625
413671
413737
413741
413755
413767
413810
413866
413890
413903
413918
413921
413929
414028
414044
414093
414097
414199
414344
414392
414424
414491
414538
414574
414575
414581
414594
414659
414679
414747
414762
414818
414852
414861
415078
415087
415116
415135
415153
415200
415208
415255
415270
415304
415322
415346
415516
415521
415523
415541
415593
415611
415650
415673
415710
415748
415749
415781
415797
415805
415896
415918
415952
416300
416314
416317
416410
416481
416539
416690
416765
416798
416845
416916
417054
417057
417068
417176
417213
417227
417391
417398
417402
417474
417524
417796
417922
417946
417981
418040
418132
418197
418217
418243
418289
418347
418381
418407
418428
418429
418525
418559
418651
418681
418724
418739
418751
418771
418839
418843
419025
419143
419150
419157
419184
419241
419318
419337
419368
419416
419421
419428
419486
419508
419530
419569
419657
419709
419771
419796
419799
419838
419844
419876
419883
419888
419920
420000
420016
420105
420126
420149
420167
420335
420367
420377
420435
420456
420700
420726
420727
420855
420874
420976
421028
421077
421171
421197
421247
421258
421391
421398
421403
421421
421638
421675
421681
421732
421758
421774
421779
421853
422007
422102
422127
422135
422149
422362
422508
422570
422584
422604
422634
422638
422681
422718
422730
422755
422760
422826
422870
422953
422958
423084
423229
423283
423302
423557
423713
423731
423797
423816
423927
424020
424050
424090
424107
424114
424139
424148
424218
424240
424310
424347
424354
424395
424414
424447
424465
424577
424701
424750
424757
424788
424904
425005
425111
425140
425193
425202
425215
425268
425326
425333
425383
425479
425553
425579
425586
425687
425764
425772
425858
425883
425926
426131
426145
426215
426259
426276
426294
426299
426360
426410
426413
426499
426555
426612
426640
426666
426739
426744
426792
426817
426818
426925
426984
426997
427014
427017
427018
427071
427075
427109
427154
427227
427304
427340
427377
427520
427566
427611
427688
427734
427779
427806
427825
427913
427976
427989
427999
428004
428050
428116
428125
428171
428261
428293
428333
428340
428436
428468
428491
428529
428563
428601
428648
428755
428775
428779
428811
428864
428907
428924
429046
429106
429129
429131
429145
429149
429234
429298
429315
429403
429405
429417
429447
429458
429479
429520
429553
429600
429601
429754
429780
429802
429822
429931
429942
429990
430027
430077
430082
430163
430170
430247
430321
430357
430390
430472
430479
430506
430525
430820
430837
430973
431097
431172
431184
431194
431198
431212
431216
431302
431385
431428
431489
431541
431553
431632
431638
431744
431827
431894
431896
431931
431953
432083
432127
432159
432297
432326
432345
432381
432513
432516
432569
432575
432650
432708
432757
432780
432831
432864
432904
432973
433048
433056
433092
433113
433124
433255
433314
433333
433399
433635
433660
433664
433694
433717
433764
433804
433872
433878
433909
433968
433969
433985
434005
434103
434223
434296
434299
434590
434623
434637
434654
434710
434723
434747
434781
434801
434942
435060
435102
435138
435294
435322
435324
435343
435367
435370
435470
435597
435619
435785
435791
435863
435948
435984
435992
436116
436135
436184
436233
436317
436371
436502
436612
436665
436697
436718
436734
436936
436958
436987
436988
437067
437078
437092
437266
437267
437378
437412
437484
437485
437555
437603
437607
437708
437808
437846
437877
437880
437960
437987
437996
438026
438232
438361
438478
438585
438609
438741
438881
439025
439038
439143
439190
439237
439280
439316
439340
439401
439569
439583
439644
439802
439807
439829
439831
439975
439989
439998
440115
440216
440218
440225
440258
440260
440365
440371
440420
440478
440491
440512
440585
440624
440694
440724
440728
440802
440863
441016
441038
441172
441198
441254
441258
441269
441392
441438
441440
441490
441492
441495
441515
441601
441888
441895
441941
441946
442217
442241
442257
442377
442417
442434
442461
442512
442560
442672
442673
442678
442694
442697
442764
442790
442794
442834
442877
442956
442971
442984
442988
443084
443216
443227
443262
443294
443415
443441
443479
443692
443727
443738
443766
443847
443882
443926
443928
444000
444046
444080
444168
444183
444327
444370
444411
444461
444466
444504
444559
444640
444826
444848
444879
444894
444929
445000
445005
445030
445033
445127
445143
445566
445599
445694
445733
445797
445892
445913
445959
445991
446044
446073
446079
446084
446123
446187
446236
446243
446245
446248
446298
446303
446344
446391
446402
446429
446441
446501
446504
446536
446552
446606
446645
446689
446782
446787
446819
446904
446931
446958
447104
447240
447309
447323
447354
447424
447435
447476
447625
447731
447794
447865
447909
447930
447966
447982
448006
448009
448035
448046
448070
448155
448278
448297
448313
448351
448357
448379
448387
448410
448422
448468
448520
448590
448595
448601
448661
448687
448688
448713
448735
448828
448841
448878
448897
448948
449043
449054
449057
449060
449064
449150
449207
449212
449251
449274
449426
449468
449495
449536
449563
449619
449627
449653
449662
449752
449770
449771
449796
449865
449919
449926
449997
450015
450034
450063
450071
450072
450094
450222
450238
450369
450430
450443
450485
450501
450591
450655
450669
450743
450807
450850
450946
451086
451092
451135
451147
451311
451420
451468
451521
451573
451586
451587
451592
451642
451693
451823
452132
452173
452223
452242
452247
452356
452365
452442
452468
452473
452489
452495
452567
452571
452603
452621
452641
452656
452678
452705
452744
452801
452812
452856
452896
452920
452933
452970
453011
453016
453030
453038
453071
453228
453246
453340
453376
453443
453461
453465
453543
453617
453627
453651
453736
453753
453802
453978
453995
454053
454089
454132
454164
454229
454256
454262
454267
454279
454293
454361
454368
454457
454501
454555
454609
454694
454697
454755
454801
454818
454858
454865
454900
455004
455107
455111
455265
455277
455289
455306
455320
455386
455410
455440
455455
455470
455482
455484
455589
455590
455607
455639
455684
455746
455754
455767
455768
455956
455995
456000
456007
456067
456084
456102
456265
456308
456336
456424
456440
456495
456579
456626
456670
456672
456774
456884
456966
456980
457005
457038
457095
457106
457197
457267
457338
457343
457363
457451
457452
457538
457575
457599
457606
457762
457817
457875
457909
457917
457921
457940
457944
458014
458064
458073
458118
458217
458235
458276
458439
458458
458472
458491
458516
458543
458611
458640
458742
458849
459033
459067
459195
459208
459267
459416
459506
459524
459549
459606
459608
459609
459648
459654
459666
459673
459740
459745
459807
459834
459924
460022
460048
460093
460102
460135
460145
460209
460224
460239
460253
460266
460279
460343
460373
460475
460546
460572
460574
460683
460868
460888
461091
461094
461165
461204
461211
461217
461316
461386
461433
461500
461587
461652
461692
461774
461835
461900
461964
462028
462052
462125
462316
462319
462348
462389
462400
462401
462445
462487
462498
462510
462566
462669
462670
462703
462802
462843
462960
462965
462981
462993
463043
463073
463137
463145
463157
463255
463280
463282
463403
463468
463492
463511
463557
463586
463591
463597
463606
463619
463654
463658
463688
463721
463730
463752
463754
463771
463825
463832
463877
463932
463969
463972
464063
464178
464188
464253
464257
464342
464346
464502
464740
464777
464908
464960
464962
465119
465189
465194
465235
465239
465347
465397
465411
465433
465459
465522
465550
465680
465738
465831
465904
465954
465957
466042
466074
466139
466153
466215
466280
466291
466361
466370
466426
466466
466543
466544
466578
466610
466730
466764
466883
466918
466966
467013
467067
467088
467093
467103
467151
467225
467279
467286
467289
467290
467452
467632
467645
467813
467822
467898
467915
468018
468071
468108
468186
468237
468286
468301
468309
468339
468432
468508
468544
468549
468579
468713
468717
468736
468745
468761
468824
468838
468946
468959
469057
469080
469098
469101
469345
469362
469446
469459
469499
469588
469602
469610
469619
469627
469647
469693
469782
469801
469818
469847
469943
469967
469995
470025
470077
470078
470084
470103
470156
470175
470213
470252
470272
470306
470412
470537
470547
470634
470645
470666
470847
470903
470908
470909
470919
471052
471072
471102
471142
471283
471300
471476
471544
471589
471742
471754
471771
471791
471908
471936
471977
471996
472058
472281
472289
472304
472308
472350
472391
472397
472418
472551
472559
472703
472708
472773
472791
472865
472879
473048
473104
473166
473509
473517
473558
473594
473628
473693
473938
474038
474163
474167
474199
474218
474261
474269
474274
474282
474315
474331
474351
474415
474483
474511
474549
474579
474686
474876
474984
474987
474995
475007
475161
475163
475322
475336
475503
475511
475563
475591
475632
475639
475674
475819
475907
475935
475962
475967
475990
476033
476052
476073
476127
476143
476148
476185
476193
476260
476277
476287
476353
476399
476447
476483
476510
476563
476567
476595
476689
476758
476772
476810
476814
476892
476934
476965
476971
476996
477002
477087
477131
477153
477212
477246
477273
477293
477530
477573
477603
477636
477646
477649
477852
477883
477950
477957
477976
478038
478064
478083
478118
478120
478129
478213
478292
478299
478315
478396
478469
478552
478578
478599
478690
478788
478817
478869
479027
479051
479087
479134
479175
479333
479395
479408
479508
479570
479593
479669
479677
479701
479758
479866
479906
479920
479950
479961
479963
479997
480014
480102
480143
480249
480265
480276
480426
480434
480475
480533
480648
480689
480695
480707
480778
480824
480876
480931
480938
481028
481090
481103
481233
481245
481283
481286
481327
481333
481404
481437
481447
481576
481612
481680
481755
481763
481769
481870
481878
481888
481899
481910
481982
481985
482015
482048
482064
482098
482147
482168
482253
482259
482266
482295
482400
482434
482455
482556
482567
482615
482748
482755
482796
482829
482911
482996
482998
483006
483195
483221
483261
483291
483371
483484
483494
483534
483660
483708
483744
483877
483949
483975
484134
484232
484262
484267
484275
484335
484352
484392
484400
484427
484475
484493
484509
484620
484674
484698
484712
484717
484739
484789
484798
484926
485029
485045
485049
485151
485192
485203
485205
485221
485414
485551
485589
485605
485671
485673
485680
485765
485897
485946
486035
486056
486061
486124
486154
486163
486194
486381
486382
486464
486543
486588
486621
486642
486665
486854
486887
486927
486976
486983
486985
487016
487042
487089
487154
487200
487522
487527
487774
487896
487924
487960
487972
487978
487993
488038
488189
488222
488344
488416
488445
488497
488564
488602
488964
488991
489119
489243
489289
489406
489423
489472
489473
489580
489725
489765
489773
489802
489811
489829
489911
490083
490101
490114
490135
490163
490177
490239
490305
490328
490390
490421
490423
490438
490489
490496
490502
490560
490585
490628
490695
490725
490737
490772
491025
491066
491068
491110
491120
491174
491200
491274
491287
491290
491319
491423
491438
491467
491530
491558
491611
491622
491653
491695
491827
491858
491896
491900
491908
491943
492058
492079
492085
492089
492116
492155
492176
492219
492468
492515
492588
492602
492698
492726
492744
492888
492889
492904
492944
493029
493149
493199
493271
493280
493350
493367
493404
493405
493506
493515
493571
493606
493609
493720
493757
493774
493805
493871
493894
493906
493925
493959
493991
494082
494147
494158
494210
494226
494304
494459
494476
494528
494632
494646
494698
494766
494783
494974
495010
495036
495058
495196
495286
495402
495448
495455
495498
495630
495653
495725
495727
495744
495756
495790
495867
495916
495938
495949
495966
495985
496106
496172
496256
496273
496300
496335
496381
496391
496409
496529
496568
496571
496589
496628
496687
496725
496822
496897
496939
497098
497220
497273
497291
497363
497368
497393
497430
497470
497474
497639
497853
497880
497892
497999
498119
498395
498608
498612
498626
498641
498665
498666
498677
498698
498789
498798
498846
498879
499053
499075
499129
499239
499241
499295
499316
499331
499374
499389
499413
499487
499493
499545
499622
499655
499685
499690
499707
499727
499775
499802
499832
499882
499908
500000
981
