20
1
1 0 4 0 0 0 0 4 0 0 0 6 0 0 0 2 2 0 0 5 0
2 4 0 4 0 0 1 0 0 7 7 0 0 9 5 0 0 0 7 0 0
3 0 4 0 0 7 9 0 4 2 0 0 0 0 0 4 0 0 0 0 0
4 0 0 0 0 0 0 0 0 3 0 0 2 0 10 4 0 0 0 0 8
5 0 0 7 0 0 0 0 0 0 0 1 0 0 0 0 7 0 8 0 8
6 0 1 9 0 0 0 0 0 8 0 0 0 0 0 0 0 9 0 0 0
7 4 0 0 0 0 0 0 0 9 0 0 0 5 0 2 0 0 0 0 0
8 0 0 4 0 0 0 0 0 0 4 0 0 0 0 4 0 0 10 0 0
9 0 7 2 3 0 8 9 0 0 5 4 0 0 10 7 3 0 0 0 0
10 0 7 0 0 0 0 0 4 5 0 10 0 0 0 0 2 0 0 5 5
11 6 0 0 0 1 0 0 0 4 10 0 0 0 0 0 0 7 0 0 0
12 0 0 0 2 0 0 0 0 0 0 0 0 6 0 5 1 5 8 0 0
13 0 9 0 0 0 0 5 0 0 0 0 6 0 0 0 0 0 0 0 0
14 0 5 0 10 0 0 0 0 10 0 0 0 0 0 0 0 0 0 2 0
15 2 0 4 4 0 0 2 4 7 0 0 5 0 0 0 0 8 0 0 0
16 2 0 0 0 7 0 0 0 3 2 0 1 0 0 0 0 0 0 0 6
17 0 0 0 0 0 9 0 0 0 0 7 5 0 0 8 0 0 6 0 0
18 0 7 0 0 8 0 0 10 0 0 0 8 0 0 0 0 6 0 4 0
19 5 0 0 0 0 0 0 0 0 5 0 0 0 2 0 0 0 4 0 3
20 0 0 0 8 8 0 0 0 0 5 0 0 0 0 0 6 0 0 3 0
